0 0.517500 0.262617 0.070000 0.128972
0 0.616250 0.278505 0.082500 0.127103
0 0.691250 0.239252 0.062500 0.134579
0 0.751250 0.253271 0.077500 0.136449
0 0.808750 0.239252 0.067500 0.157009
0 0.893750 0.250467 0.077500 0.123364
0 0.816250 0.065421 0.092500 0.130841
0 0.742500 0.078505 0.070000 0.104673
0 0.628750 0.129907 0.072500 0.110280
0 0.558750 0.114953 0.067500 0.140187
0 0.582500 0.578505 0.070000 0.136449
0 0.755000 0.558879 0.090000 0.104673
0 0.515000 0.559813 0.070000 0.143925
0 0.295000 0.765421 0.095000 0.128972
0 0.426250 0.752336 0.082500 0.121495
0 0.211250 0.780374 0.077500 0.121495
0 0.133750 0.772897 0.087500 0.128972
0 0.205000 0.545794 0.075000 0.130841
0 0.278750 0.582243 0.077500 0.132710
0 0.382500 0.589720 0.085000 0.132710
0 0.455000 0.542056 0.055000 0.127103
0 0.091250 0.566355 0.072500 0.138318
0 0.156250 0.599065 0.062500 0.114019
0 0.980000 0.222430 0.040000 0.085981
