0 0.090000 0.567290 0.060000 0.125234
0 0.070000 0.792523 0.075000 0.127103
0 0.133750 0.777570 0.072500 0.134579
0 0.208750 0.787850 0.067500 0.136449
0 0.295000 0.766355 0.085000 0.127103
0 0.422500 0.754206 0.085000 0.125234
0 0.758750 0.559813 0.087500 0.102804
0 0.585000 0.577570 0.080000 0.134579
0 0.515000 0.558879 0.070000 0.138318
0 0.455000 0.545794 0.055000 0.119626
0 0.380000 0.592523 0.075000 0.127103
0 0.277500 0.586916 0.080000 0.130841
0 0.161250 0.595327 0.077500 0.110280
0 0.203750 0.537383 0.062500 0.099065
0 0.518750 0.258879 0.072500 0.128972
0 0.615000 0.276636 0.075000 0.119626
0 0.563750 0.119626 0.062500 0.127103
0 0.641250 0.142991 0.082500 0.128972
0 0.741250 0.068224 0.052500 0.099065
0 0.751250 0.149533 0.072500 0.093458
0 0.817500 0.060748 0.075000 0.121495
0 0.895000 0.250467 0.070000 0.127103
0 0.688750 0.233645 0.067500 0.119626
0 0.752500 0.248598 0.075000 0.127103
0 0.807500 0.242056 0.065000 0.140187
0 0.863750 0.192523 0.062500 0.074766
