0 0.091089 0.693939 0.055446 0.163636
0 0.128713 0.713636 0.051485 0.160606
0 0.203960 0.819697 0.047525 0.160606
0 0.203960 0.742424 0.043564 0.121212
0 0.262376 0.801515 0.041584 0.178788
0 0.383168 0.781818 0.061386 0.187879
0 0.522772 0.646970 0.059406 0.178788
0 0.595050 0.643939 0.049505 0.154545
0 0.593069 0.463636 0.045545 0.157576
0 0.712871 0.453030 0.039604 0.136364
0 0.794059 0.563636 0.031683 0.151515
0 0.882178 0.443939 0.033663 0.148485
0 0.950495 0.398485 0.043564 0.148485
0 0.815842 0.456061 0.035644 0.148485
0 0.676238 0.468182 0.029703 0.142424
0 0.743564 0.453030 0.029703 0.142424
