0 0.021875 0.565979 0.036250 0.303093
0 0.064375 0.619588 0.073750 0.315464
0 0.110000 0.515464 0.062500 0.222680
0 0.161250 0.587629 0.060000 0.288660
0 0.207500 0.567010 0.040000 0.305155
0 0.243750 0.552577 0.052500 0.325773
0 0.323750 0.589691 0.092500 0.292784
0 0.400000 0.554639 0.070000 0.276289
0 0.450000 0.541237 0.047500 0.212371
0 0.497500 0.539175 0.050000 0.265979
0 0.556875 0.555670 0.056250 0.336082
0 0.605000 0.577320 0.062500 0.325773
0 0.732500 0.455670 0.065000 0.136082
0 0.820000 0.486598 0.045000 0.185567
0 0.854375 0.584536 0.033750 0.286598
0 0.893750 0.603093 0.057500 0.352577
0 0.961250 0.596907 0.077500 0.327835
0 0.659375 0.484536 0.056250 0.119588
