0 0.275000 0.330561 0.062500 0.145530
0 0.156250 0.539501 0.040625 0.172557
0 0.198437 0.585239 0.062500 0.164241
0 0.147656 0.124740 0.042188 0.158004
0 0.060937 0.582121 0.050000 0.137214
0 0.053125 0.664241 0.043750 0.143451
0 0.096094 0.811850 0.067187 0.176715
0 0.189844 0.810811 0.051562 0.133056
0 0.167969 0.901247 0.079687 0.160083
0 0.263281 0.931393 0.060937 0.124740
0 0.335156 0.533264 0.042188 0.176715
0 0.492969 0.853430 0.070312 0.130977
0 0.642188 0.938669 0.043750 0.118503
0 0.589844 0.739085 0.054688 0.151767
0 0.828906 0.695426 0.076563 0.168399
0 0.921094 0.743243 0.070312 0.151767
0 0.836719 0.424116 0.035937 0.166320
0 0.782813 0.534304 0.050000 0.149688
0 0.650000 0.556133 0.056250 0.143451
0 0.609375 0.344075 0.046875 0.139293
0 0.438281 0.330561 0.057813 0.162162
0 0.458594 0.074844 0.035937 0.103950
0 0.465625 0.150728 0.053125 0.122661
0 0.578125 0.228690 0.046875 0.162162
0 0.685937 0.252599 0.078125 0.147609
0 0.660156 0.180873 0.070312 0.153846
0 0.975781 0.623701 0.045312 0.145530
0 0.489063 0.309771 0.046875 0.128898
0 0.463281 0.547817 0.051562 0.147609
0 0.521094 0.576923 0.057813 0.155925
0 0.767969 0.145530 0.048438 0.108108
