0 0.202000 0.530667 0.048000 0.128000
0 0.177000 0.526667 0.038000 0.098667
0 0.235000 0.526667 0.034000 0.109333
0 0.256000 0.512000 0.032000 0.101333
0 0.291000 0.517333 0.030000 0.101333
0 0.306000 0.513333 0.028000 0.082667
0 0.330000 0.508000 0.028000 0.082667
0 0.350000 0.508000 0.020000 0.088000
0 0.386000 0.506667 0.040000 0.074667
0 0.448000 0.514667 0.020000 0.080000
0 0.456000 0.501333 0.020000 0.069333
0 0.485000 0.500000 0.022000 0.082667
0 0.504000 0.510667 0.036000 0.093333
0 0.534000 0.517333 0.028000 0.090667
0 0.883000 0.525333 0.090000 0.208000
0 0.816000 0.520000 0.060000 0.176000
