0 0.764000 0.237333 0.048000 0.176000
0 0.717000 0.214667 0.054000 0.162667
0 0.850000 0.268000 0.056000 0.296000
0 0.825000 0.220000 0.038000 0.130667
0 0.893000 0.278667 0.050000 0.200000
0 0.918000 0.220000 0.044000 0.173333
0 0.982000 0.301333 0.036000 0.240000
0 0.077000 0.233333 0.034000 0.136000
0 0.113000 0.234667 0.034000 0.117333
0 0.151000 0.217333 0.022000 0.120000
0 0.199000 0.234667 0.022000 0.133333
0 0.172000 0.220000 0.020000 0.120000
0 0.247000 0.213333 0.026000 0.096000
0 0.284000 0.220000 0.020000 0.082667
0 0.296000 0.194667 0.020000 0.064000
0 0.013000 0.204000 0.026000 0.066667
0 0.046000 0.206667 0.020000 0.061333
0 0.036000 0.204000 0.020000 0.066667
