0 0.049550 0.265000 0.099099 0.270000
0 0.660661 0.211000 0.090090 0.142000
0 0.831832 0.219000 0.084084 0.130000
0 0.545045 0.234000 0.075075 0.164000
0 0.492492 0.216000 0.048048 0.104000
0 0.352853 0.202000 0.057057 0.096000
0 0.411411 0.217000 0.060060 0.094000
0 0.447447 0.219000 0.036036 0.066000
0 0.187688 0.205000 0.057057 0.074000
0 0.124625 0.201000 0.087087 0.066000
0 0.978979 0.205000 0.042042 0.086000
0 0.911411 0.186000 0.063063 0.060000
0 0.599099 0.233000 0.045045 0.122000
0 0.773273 0.201000 0.039039 0.054000
