0 0.953465 0.396970 0.049505 0.151515
0 0.882178 0.445455 0.049505 0.157576
0 0.818812 0.454545 0.049505 0.157576
0 0.788119 0.325758 0.047525 0.124242
0 0.585149 0.457576 0.037624 0.175758
0 0.678218 0.474242 0.033663 0.148485
0 0.710891 0.457576 0.043564 0.139394
0 0.747525 0.453030 0.033663 0.136364
0 0.775248 0.537879 0.041584 0.166667
0 0.797030 0.550000 0.029703 0.124242
0 0.523762 0.650000 0.057426 0.190909
0 0.568317 0.624242 0.039604 0.145455
0 0.595050 0.642424 0.057426 0.157576
0 0.384158 0.778788 0.063366 0.193939
0 0.263366 0.801515 0.051485 0.184848
0 0.203960 0.804545 0.051485 0.142424
0 0.061386 0.748485 0.039604 0.175758
0 0.131683 0.713636 0.057426 0.166667
0 0.089109 0.689394 0.059406 0.166667
