0 0.383000 0.399399 0.154000 0.450450
0 0.241000 0.375375 0.062000 0.132132
0 0.629000 0.279279 0.058000 0.228228
0 0.528000 0.316817 0.088000 0.147147
0 0.754000 0.325826 0.064000 0.153153
0 0.841000 0.342342 0.054000 0.120120
0 0.804000 0.333333 0.056000 0.120120
0 0.945000 0.348348 0.046000 0.120120
0 0.983000 0.342342 0.034000 0.102102
0 0.321000 0.352853 0.054000 0.135135
0 0.113000 0.387387 0.050000 0.138138
0 0.065000 0.384384 0.050000 0.132132
0 0.150000 0.321321 0.036000 0.078078
0 0.168000 0.303303 0.028000 0.084084
0 0.205000 0.300300 0.034000 0.072072
0 0.203000 0.385886 0.054000 0.117117
