0 0.702000 0.576000 0.164000 0.282667
0 0.597000 0.557333 0.138000 0.234667
0 0.485000 0.560000 0.110000 0.304000
0 0.394000 0.546667 0.104000 0.266667
0 0.271000 0.584000 0.138000 0.362667
0 0.228000 0.477333 0.084000 0.346667
0 0.347000 0.433333 0.098000 0.338667
0 0.428000 0.401333 0.068000 0.344000
0 0.532000 0.409333 0.120000 0.333333
0 0.635000 0.430667 0.098000 0.296000
0 0.714000 0.420000 0.084000 0.344000
0 0.803000 0.532000 0.130000 0.509333
0 0.247000 0.337333 0.114000 0.301333
0 0.129000 0.537333 0.154000 0.584000
