0 0.057000 0.427928 0.042000 0.135135
0 0.088000 0.424925 0.036000 0.135135
0 0.124000 0.412913 0.020000 0.105105
0 0.150000 0.406907 0.024000 0.105105
0 0.172000 0.402402 0.024000 0.096096
0 0.205000 0.402402 0.026000 0.084084
0 0.230000 0.388889 0.020000 0.069069
0 0.244000 0.396396 0.020000 0.060060
0 0.257000 0.402402 0.022000 0.066066
0 0.314000 0.396396 0.020000 0.060060
0 0.328000 0.397898 0.020000 0.057057
0 0.348000 0.384384 0.020000 0.054054
0 0.362000 0.381381 0.020000 0.036036
0 0.436000 0.378378 0.024000 0.048048
0 0.540000 0.375375 0.020000 0.048048
0 0.562000 0.369369 0.020000 0.030030
0 0.590000 0.378378 0.020000 0.036036
0 0.615000 0.387387 0.022000 0.036036
0 0.030000 0.406907 0.020000 0.105105
0 0.015000 0.427928 0.026000 0.135135
