0 0.648000 0.072000 0.060000 0.138667
0 0.553000 0.076000 0.078000 0.141333
0 0.528000 0.061333 0.028000 0.101333
0 0.461000 0.100000 0.030000 0.050667
0 0.486000 0.076000 0.040000 0.072000
0 0.431000 0.073333 0.042000 0.072000
0 0.276000 0.086667 0.060000 0.072000
0 0.090000 0.137333 0.052000 0.104000
0 0.140000 0.129333 0.036000 0.093333
0 0.206000 0.104000 0.020000 0.048000
0 0.372000 0.073333 0.020000 0.040000
0 0.397000 0.082667 0.022000 0.042667
0 0.039000 0.152000 0.034000 0.080000
0 0.015000 0.169333 0.030000 0.082667
